1 0.07290707603096962 0.018770488910377026
2 0.06161423493176699 0.01850735512562096
3 0.06047061001881957 0.01804983871988952
4 0.05931695820763707 0.01846429263241589
5 0.05821300884708762 0.015901355422101915
6 0.05763021591119468 0.014706540969200432
7 0.05745037910528481 0.015114437672309577
8 0.05699925976805389 0.01578587817493826
9 0.05655707367695868 0.01517825445625931
10 0.05638181925751269 0.01459750032518059
11 0.056302392343059185 0.01483582251239568
12 0.05610244986601174 0.014860589057207108
13 0.05594045035541058 0.014575997716747224
14 0.055805086111649874 0.014549082960002124
15 0.055644045723602174 0.014617380453273654
16 0.055440157558768986 0.014443336753174663
17 0.05524340299889445 0.014327717595733702
18 0.05506634549237788 0.014282022835686803
19 0.05486663104966283 0.014242997160181403
20 0.05464891558513045 0.014083475456573069
