1 0.8328022939732075 1.0880241251513085
2 0.7340204895699854 0.9671154853990179
3 0.6577887493830227 0.9035613771528312
4 0.5949890808172993 0.8328127944115917
5 0.5526299736672633 0.7550852253860304
6 0.5277598583733013 0.7539021678697808
7 0.5103454025206279 0.7014044628117087
8 0.5002550533540229 0.6793200317409968
9 0.49948824343870174 0.6641411603644098
10 0.4956469378783245 0.6537222487606893
11 0.49377932307977035 0.646556660513222
12 0.4867409955725491 0.6415029374804152
13 0.49087656621638026 0.6378405702929012
14 0.48698803879560804 0.6350785918336509
15 0.4833227888378131 0.653938064689895
16 0.47770607683361554 0.6311267346190289
17 0.4826991199912491 0.6086272282214639
18 0.48355187248354653 0.6073109685989881
19 0.4802563463245629 0.6061259631422887
20 0.47700004288435327 0.6050410883305104
21 0.4779878544972499 0.6040332266867259
22 0.47902440227237897 0.6030598870576604
23 0.47799508886066827 0.6021474451260446
24 0.4769986514403227 0.6012688333722518
25 0.4760405743684019 0.6004177294578403
26 0.47931974742739264 0.5995867598854544
27 0.4847358464508373 0.5987734385356798
28 0.48387961538389973 0.5979699708314269
29 0.48304652159122174 0.6182216639194246
30 0.48224075562380697 0.6174364039644991
31 0.4814602165147846 0.6166560645270357
32 0.4807029900426033 0.6158784724584486
33 0.47996658717176116 0.6151010724114205
34 0.47925005063401094 0.6143244483188334
35 0.4785515230319181 0.6135465541785877
36 0.47368106081200717 0.6127739349862953
37 0.47301390912867225 0.6119905023515764
38 0.4723597544719477 0.6112011243874746
39 0.47381939799773604 0.6104047521757648
40 0.4710715464685774 0.6096031543864917
41 0.46835391233221774 0.6087897001594109
42 0.4677401997336297 0.5869470080646294
43 0.4671341159090853 0.5861208131639777
44 0.464429208463738 0.5852818978679563
45 0.46593934684931176 0.5844344729437542
46 0.4674554954109603 0.5835787352935509
47 0.46687213620398266 0.5827135275344757
48 0.4641913630546095 0.5818387017721359
49 0.4657157302282928 0.5809553776476777
50 0.4651436186214437 0.5800605978864539
51 0.46457403718754586 0.5791554171563812
52 0.4661241135767073 0.5782394594048444
53 0.46345687559385795 0.57731459111637
54 0.46289061320380087 0.5763799840735124
55 0.4623272547687091 0.5754355806008128
56 0.4617645956447722 0.5744808741834162
57 0.46120221357657204 0.57351553607585
58 0.46064341276768583 0.5725407161394527
59 0.45798136901335584 0.5715540365311073
60 0.4574180786751156 0.5705571239638927
61 0.45685366528270777 0.5695488666382765
62 0.456287784094815 0.5685306138528119
63 0.45572021044509203 0.5675015853144425
64 0.45515072943999335 0.566462507707459
65 0.45247472848911086 0.5654122149532563
66 0.45190569389964097 0.5643544720314247
67 0.45132862683639274 0.5422597156639064
68 0.45074861580895653 0.5411787611445853
69 0.4543557464837152 0.5400798081238999
70 0.4537683354218362 0.5389768980733903
71 0.45317773987720783 0.5378640135811446
72 0.4483848911166669 0.51575970983917
73 0.4477873957941774 0.5146282057944489
74 0.44718578617255766 0.5134850565967837
75 0.4465800676483563 0.5123317956747977
76 0.44386577910951974 0.5111680923450101
77 0.44114932292456566 0.5099896409916447
78 0.43842717600134384 0.5088055210238274
79 0.43780461795038644 0.5076113536449052
80 0.4371779856244868 0.5064073124872276
81 0.43444328569143853 0.5051943317161088
82 0.4338083014748439 0.5039710127437291
83 0.43106766526283097 0.502738533024186
84 0.4283200851692297 0.5014964823671126
85 0.43186327098135985 0.5002448590743159
86 0.4291071452688928 0.4989879523907592
87 0.42845208886516356 0.497722355903641
88 0.42779383990268444 0.4964484987749816
89 0.4271325387580835 0.4951675126825361
90 0.4285710436002057 0.49387948557219813
91 0.4279039387664372 0.49258525898312466
92 0.42513455785016874 0.47027960084832127
93 0.4244625942016688 0.4689748335217959
94 0.4237883828091098 0.4676649357950756
95 0.4231120951023216 0.46635133685066216
96 0.4224340845625817 0.4650336620358652
97 0.4196494264016663 0.484696928366504
98 0.41896820328916473 0.4833749758303901
99 0.41828596504486326 0.4820504687797572
100 0.41550042219077066 0.48072466129976277
101 0.41481660359110195 0.4793979330691754
102 0.4141323789349377 0.47807211242836756
103 0.413448017683885 0.476747139361687
104 0.4127637227566539 0.4754233773453406
105 0.4120796674366207 0.47410170583850947
106 0.4113961678170783 0.4727830146882977
107 0.41071339296697223 0.47146725612128837
108 0.4079297303429155 0.4701633175023782
109 0.4072494458673816 0.4688550482674404
110 0.40868287211807297 0.467553450224529
111 0.40800532222367936 0.46625508862437287
112 0.4073292972699549 0.4649610402246349
113 0.4087596662474986 0.4636722171785751
114 0.4080872705125918 0.4623883688822389
115 0.4053149976926721 0.4611120541455028
116 0.4046474095933372 0.4598402751055791
117 0.4039825467879694 0.4585750479332024
118 0.40121627488826694 0.45731536174131754
119 0.4005571405331843 0.45606223136921853
120 0.3999012837987975 0.4548162486335557
121 0.39924890453105266 0.4535772904421595
122 0.3985999556838743 0.45234536388129193
123 0.39795471384567455 0.4721604475915726
124 0.3994161385045215 0.47094286528036094
125 0.39877850006677906 0.46973248352112834
126 0.3981450069109162 0.4685301016244155
127 0.3975157822057801 0.4673357745166868
128 0.3968910281887358 0.48716254285022026
129 0.3962705514512031 0.4859844154653777
130 0.3956544817407312 0.4848146155857677
131 0.39504299084796096 0.4836531647059478
132 0.3944361765302969 0.4825001524376536
133 0.39593740330479954 0.48135703168061905
134 0.3953400228442103 0.48022076949452686
135 0.3926510683510079 0.4790921581775489
136 0.39206326297678107 0.4779726421265667
137 0.39148023131253096 0.47686222766648584
138 0.39090189400368436 0.47576025607180783
139 0.3903283980930573 0.47466788844695607
140 0.39185659117578825 0.47358506085651336
141 0.3912903478193498 0.47250994134216423
142 0.39073102477960914 0.4714444048591816
143 0.39017651205425347 0.4703884932571581
144 0.3896268806877626 0.4693423309550915
145 0.3890819614532612 0.46830510204780457
146 0.38854181683766903 0.4672770865953307
147 0.38800640001036474 0.4662589737798063
148 0.38537230520299637 0.46525071944875984
149 0.38484628252935055 0.46425153652187684
150 0.38432486439294083 0.463262132144239
151 0.3838079692181445 0.4622825662546644
152 0.3812016910103174 0.4613128856807874
153 0.38279866040503535 0.46035004041470146
154 0.384396431002049 0.45939812485042864
155 0.3838978587480286 0.45845765690025136
156 0.3834036929090385 0.45752722789006506
157 0.3829138397092312 0.4566071214392095
158 0.380323223229271 0.4556986159653599
159 0.3798419039356798 0.45479919980402644
160 0.3793648145377213 0.453910113642801
161 0.37678743887483757 0.4530311940790546
162 0.37631880072150137 0.452163107492961
163 0.37585435162125597 0.4513052560123125
164 0.3774982811459708 0.4504575992776326
165 0.3770420107582437 0.44961975843425056
166 0.37658983923261985 0.44879222211023595
167 0.3761417338024598 0.44797476672015984
168 0.37569743766237085 0.4471675395574666
169 0.3752570667809433 0.44637039286035457
170 0.3727180345376163 0.44558355434417823
171 0.37228533649984685 0.4448068036319149
172 0.369752799562923 0.44403983098601824
173 0.37142524369962293 0.4432809793541061
174 0.36889778804726053 0.44253267046542055
175 0.3663774532964024 0.4417951157801834
176 0.36172441039284337 0.44106415324011133
177 0.36131469514288655 0.46130356514679366
178 0.3588037900642774 0.46059127382946347
179 0.35840052383760984 0.4598893298105778
180 0.35800043519892066 0.45919647197288116
181 0.3576034870120102 0.45851257633809983
182 0.35720958935506764 0.45783805220878043
183 0.35681870821760475 0.4571719735234633
184 0.3564309300792888 0.45651475289003235
185 0.3539431204603354 0.45586657228591654
186 0.3535613045955726 0.4552267958908832
187 0.35318240870625134 0.4545956451688452
188 0.3528063736631639 0.45397282284862167
189 0.3524331760026827 0.4533585403776286
190 0.35206281637226683 0.452752192234743
191 0.35590122958422504 0.45215337193056354
192 0.35553623620647395 0.4515627939755244
193 0.35517381958870253 0.4509799727013237
194 0.3548139168383266 0.4504050611719293
195 0.3544565643635854 0.4498378229785196
196 0.3541017056111626 0.44927857433035234
197 0.35374934457958446 0.4487265724212691
198 0.3533993169883171 0.448182204932918
199 0.353051770571846 0.44764522044159666
200 0.3527064885943929 0.44711523736722913
201 0.35026223174455623 0.4465939560834637
202 0.3499215663035774 0.44607908414162106
203 0.34958318230711494 0.4455708344531319
204 0.35135075090118945 0.4450718121059656
205 0.3489113204042691 0.44457593093448516
206 0.34857912211313286 0.44408668555202896
207 0.3482489258113385 0.42255156829585566
208 0.3479208386341925 0.4220748677663505
209 0.3475947458437111 0.42160439752740786
210 0.34727067242569204 0.42113970044209914
211 0.34694849612516054 0.4206809063670593
212 0.34662829578594356 0.42022782270588277
213 0.34631001037656095 0.4197798211761677
214 0.34599346705483686 0.419337395206584
215 0.3456787500516833 0.4188999839854966
216 0.3453658880632046 0.4184673977928163
217 0.34295051917334324 0.4180384658327277
218 0.34264137859018917 0.4176149357701529
219 0.3423339470331741 0.4171958600824368
220 0.3420283508867915 0.4167811246976367
221 0.3417243487086548 0.41637033005909824
222 0.34142211791940225 0.41596366478785823
223 0.34112157626658995 0.41556081516527277
224 0.3408228112725628 0.41516136652425445
225 0.34052571206121696 0.414765585987265
226 0.3402283900453798 0.4143732844904298
227 0.3399348292336914 0.41398396525467673
228 0.3396429600345842 0.4135979329966511
229 0.3393527514954729 0.41321463165804745
230 0.33906412935253816 0.4128341936008196
231 0.3387772115141921 0.41245635449141876
232 0.3384919999784623 0.41208101962742055
233 0.33820848734401193 0.4117082900226447
234 0.33792675045566056 0.41133820309018787
235 0.3376466623855239 0.4109699306663395
236 0.3352633189274248 0.41060315948969217
237 0.3349868188292978 0.4102389414196736
238 0.3347118908802498 0.409877266127947
239 0.3344386585493845 0.40951772998715136
240 0.3341670724640319 0.40916030752466453
241 0.3338972728466324 0.40880478226536837
242 0.33362905231831935 0.4084512777248165
243 0.3333625632015541 0.4080996292626093
244 0.33309772336907456 0.4077498500783756
245 0.3349335920722461 0.40740208073672346
246 0.3325695634004338 0.40705286158147685
247 0.33020870181033923 0.40670898677490186
248 0.32995059424412887 0.40636678829583905
249 0.3317923157441171 0.40603236329545705
250 0.33153759011016903 0.40569328356589385
251 0.32918429060315935 0.40535993252620467
252 0.3289326508520079 0.40502507135970517
253 0.33077761108016035 0.4046901153561071
254 0.33052894203956423 0.40435778556373214
255 0.33028213084286645 0.4040275868275938
256 0.3321410330025867 0.4037003647262463
257 0.3318976561361763 0.40337388351856807
258 0.3337458037084338 0.40304944166739004
259 0.3335055714445824 0.4027264539848118
260 0.3332669952594159 0.40240546779924585
261 0.333030101068908 0.4020867218431024
262 0.33069156609810574 0.4017707983243867
263 0.3304578898254235 0.40145644739153796
264 0.3302258175731189 0.40114390282808976
265 0.32999524662158786 0.4008333734887358
266 0.32976619349926783 0.40052437619251
267 0.32953860616952785 0.40021705040374256
268 0.3293125395701576 0.3999118449999399
269 0.32908806778299915 0.39960836050943105
270 0.3288650355598817 0.3993066865667137
271 0.3286465864698096 0.39900828506773045
272 0.3284264886908702 0.3987106666119316
273 0.32820783302862516 0.3984145724626356
274 0.3300796892321477 0.3981215767035457
275 0.32986382373566064 0.3978302381452063
276 0.3296494907982001 0.3975408574895578
277 0.32733256361230756 0.39725329113661584
278 0.3271212405300045 0.39696776080027985
279 0.3269112631309767 0.39668400164007356
280 0.3267027119272771 0.39640162032645954
281 0.3264955542884035 0.39612130032469345
282 0.32628975670757293 0.3958429150233094
283 0.3260852353407896 0.39556630057144887
284 0.32377831002851676 0.39529135627377976
285 0.3235763892868486 0.3950187953147964
286 0.32337593849133517 0.3947482646049589
287 0.32317677662804595 0.39447960303428486
288 0.3229788770160192 0.3942129195672705
289 0.32488273783159244 0.39394775301383467
290 0.3267863719623343 0.39368524192679233
291 0.3265922045484936 0.39342475365387813
292 0.3263992231733596 0.3931657872664264
293 0.32830769871617055 0.39290890445329224
294 0.3281172277369325 0.3926539133501539
295 0.32792802054461206 0.3924004700505113
296 0.3277398506947479 0.3921491161168026
297 0.3275529564644055 0.3918996349143134
298 0.32736725146010115 0.39165227814513187
299 0.3271827264458721 0.3914065909059259
300 0.32699932292371636 0.3911627658823579
301 0.32681703272308865 0.39092068763699467
302 0.3245316305531313 0.3906858665060013
303 0.3243513103199626 0.39044949040487775
304 0.3241722679935483 0.39021440979447153
305 0.3239942925760429 0.3899809514514575
306 0.32159484058773713 0.389740674781803
307 0.32142012692448196 0.38950924414161003
308 0.32124653898913175 0.4103205032002542
309 0.32317887973224924 0.41009311734727816
310 0.3251086398306407 0.40986817045589163
311 0.3270049152147993 0.4096436502296006
312 0.32683411687868036 0.40942157669181284
313 0.32666490392537256 0.40920198868221824
314 0.3264969269076265 0.408984512102202
315 0.3263300025107498 0.4087688059901886
316 0.32616409322138 0.40855489528445393
317 0.32810013455231857 0.408343207562713
318 0.3279359705024996 0.4081331569642613
319 0.3277727354898272 0.4079248452476091
320 0.32761034888234586 0.40771803174656507
321 0.3274488410607603 0.4075130084037511
322 0.3251881370533217 0.40730937429815595
323 0.3250284557085091 0.4071076741135575
324 0.3248696297256561 0.4069070621790199
325 0.3247115231855921 0.4067082140090918
326 0.3245542416818138 0.4065108950203131
327 0.3243977494272143 0.4063148592903867
328 0.3242419797808298 0.4061206678900482
329 0.32408705006369487 0.4059278893673572
330 0.3239328853949777 0.4057363517810039
331 0.3237795233676458 0.40554670133476306
332 0.3236269182009059 0.38434246841001657
333 0.32347505534725113 0.38415551300862144
334 0.3233239130347509 0.3839698465184407
335 0.32317346112775663 0.3837853700943953
336 0.3230237615851044 0.38360254360444074
337 0.3228747600520031 0.38342092156226404
338 0.32272646007071765 0.3832407936022317
339 0.3225788489911172 0.3830620546575703
340 0.32243191151007916 0.382884610059907
341 0.3222856229015727 0.3827083877669831
342 0.32213997980109704 0.38253338964104555
343 0.3219949907271106 0.3823595795911694
344 0.3218506420307424 0.3821870461116563
345 0.3196020885723854 0.3820160169473016
346 0.31945893948392234 0.38184569221136994
347 0.31931639715976323 0.3816767049703355
348 0.31917444042313925 0.38150877134361316
349 0.31903306649475954 0.38134219090581417
350 0.31889234686915924 0.3811761772713783
351 0.31875220170328517 0.3810117764085513
352 0.3186126310583947 0.3808484128106379
353 0.31847368724069386 0.3806860910632225
354 0.3183352470740417 0.3805247984018397
355 0.3181973135700552 0.38036446063714957
356 0.31805991544839346 0.3802050517418262
357 0.3179230584974154 0.3800468873794154
358 0.31778675699967734 0.37988957229343023
359 0.3176509261255131 0.3797334704783096
360 0.31751569700358884 0.3795781603933919
361 0.31738096094664836 0.3794237736741228
362 0.3172467327479481 0.3792702714427325
363 0.31711300870298414 0.37911760609187983
364 0.31697974579152804 0.37896617436274505
365 0.3168469624681472 0.37881528867555686
366 0.3167147089407402 0.3786655687518712
367 0.31658295277717496 0.37851647116738607
368 0.31645161365567537 0.3783679491799251
369 0.3163206881241686 0.37822044546457045
370 0.3161902568661577 0.37807366525458697
371 0.31606027023965266 0.37792751401822133
372 0.3159307465705282 0.37778220833133674
373 0.3137007351395043 0.3776370883424993
374 0.31357215256790333 0.3774926171558725
375 0.3134440259461193 0.37734897459134165
376 0.31331632871557746 0.37720628256260075
377 0.31108599557155453 0.3770638686452539
378 0.3109591234627985 0.3769221777388195
379 0.310832622770217 0.37678161218183387
380 0.31070657236388377 0.3766416369429728
381 0.31058092084311956 0.37650252679473184
382 0.31045573190335757 0.37636380854373686
383 0.3124364451019654 0.3762257763954174
384 0.31231208717073683 0.3760887067873754
385 0.3121881788411487 0.3759522058520969
386 0.3120646665795954 0.3758163422753722
387 0.3119415563764403 0.37568063286249526
388 0.3118188511001767 0.37554574971917504
389 0.3116964697391086 0.37541130828413816
390 0.3115745103337915 0.37527759135547584
391 0.3114529431360884 0.37514430400364
392 0.31133168229305086 0.3750114295781915
393 0.31121081013665197 0.37487905855465214
394 0.30898678599914386 0.37474749477558744
395 0.30886657343590845 0.3746164007610519
396 0.31084628836894684 0.37448556860280835
397 0.31072661858946576 0.37435488624950125
398 0.31060739496720674 0.37422442496397323
399 0.30838410773289876 0.37409363506536464
400 0.30826562750050307 0.37396340028922026
401 0.30814744367944014 0.3738337592783194
402 0.30802960343888847 0.3737044200448068
403 0.307912098950011 0.3735758269894991
404 0.3077950188033145 0.37344769096914926
405 0.3076782751666722 0.3733199198790642
406 0.3096650340054368 0.373192670192833
407 0.30954892536160067 0.37306550514138315
408 0.30943322598574513 0.37293880422447967
409 0.30930996514199527 0.37281355445499925
410 0.30919493945761994 0.37268873311412265
411 0.30908028366322793 0.3725637695645779
412 0.30896594262462856 0.3724387838436738
413 0.3067462315884339 0.37231381895091065
414 0.30663253316534744 0.3721889625508246
415 0.30651920949659345 0.3510676271851193
416 0.3064061472622408 0.35094334671598565
417 0.3083987885230209 0.35082020877989156
418 0.3082865581289991 0.3506966615765429
419 0.308174708281587 0.35057309886627513
420 0.30806312200592334 0.35045007699887626
421 0.3100537077787012 0.3503282762186657
422 0.3099423234409049 0.350205231808849
423 0.3098315363287195 0.35008282553965203
424 0.30972119543810855 0.34996051458577554
425 0.3096111078979111 0.3498383440344294
426 0.30743469629428 0.3497216085163956
427 0.309431297923521 0.3496012811559271
428 0.3093222093859038 0.3494799791305559
429 0.30921320579710604 0.3493588878644024
430 0.3091044208651231 0.34923763227601545
431 0.3068920598870471 0.3491160873416352
432 0.30678378463624423 0.3489949486886249
433 0.3066758332673007 0.348874076615152
434 0.3065682231171859 0.348753182696681
435 0.3064609972043499 0.3486328641918341
436 0.30635411948425617 0.3485126655018968
437 0.30414208513925367 0.3483923523469926
438 0.30403583684934943 0.348272221767846
439 0.3039298895312562 0.34815263107302596
440 0.3038243460203812 0.3480331878358572
441 0.3037192542418871 0.3479139298967417
442 0.30571920701677874 0.3477955482105455
443 0.3056147846640394 0.3476769188227512
444 0.30551077530812165 0.3475586461421948
445 0.30540714149087467 0.3474404590825648
446 0.3053038708927243 0.3473224646508951
447 0.305200973121817 0.34720457489979084
448 0.30509841798433857 0.3470864729129856
449 0.30499626287826687 0.34696903285306974
450 0.30489446500278733 0.3468518335398556
451 0.3047930478337971 0.34673460292626834
452 0.3046919616375909 0.34661793320471923
453 0.3045912675028177 0.34650141708931187
454 0.30449094128818177 0.3463851176907376
455 0.30439105422618357 0.34626935418175936
456 0.3042915347398191 0.346153576452282
457 0.3041923897759698 0.3460379652981034
458 0.3040936341493997 0.34592258806640624
459 0.30399528974189427 0.345807458371166
460 0.3017917294321922 0.34569188803428247
461 0.3016941313715001 0.34557719260633396
462 0.3015968700001157 0.34546297813696775
463 0.30150004228868055 0.3453490580372071
464 0.3014035691646583 0.345235048012569
465 0.3013075039061077 0.34512146649822456
466 0.30121183299904114 0.34500831219044475
467 0.30111658641566846 0.3448952250180178
468 0.3010217795064857 0.34478235926990713
469 0.30092741468619544 0.3446699468193171
470 0.3008334580636568 0.3445578947151999
471 0.2986369705849502 0.344445517550293
472 0.2985439141668015 0.3443341695779696
473 0.29845123059915435 0.3442232973975632
474 0.2983590268039506 0.3441124403554836
475 0.2982672191928891 0.344002101374836
476 0.298175875472176 0.3438918285203889
477 0.29808500350265316 0.34378225327732875
478 0.29588970381516266 0.3436730121357495
479 0.2957996760252082 0.34356398458920395
480 0.2957101361009087 0.3434552501924458
481 0.2956210307394335 0.3433467481534861
482 0.29553237863200854 0.3432384461362687
483 0.2954441995702463 0.34313069690542763
484 0.29745863550635115 0.3430267250255412
485 0.2994734789091806 0.3429196897017659
486 0.2972812263487385 0.3428135920115318
487 0.2971948599641404 0.3427075964704885
488 0.2971089218284071 0.34260204329470934
489 0.29702345188028917 0.34249674368324984
490 0.2969384845586334 0.3423915268342611
491 0.2968539650024659 0.3422868280294719
492 0.2967699119956041 0.3631972707633701
493 0.29668635694896667 0.3630931758558635
494 0.29660328524384805 0.36298947729242315
495 0.29652066383684533 0.36288574311646365
496 0.29643851612796424 0.36278249692959147
497 0.29635685632970893 0.3626798365807994
498 0.2962757293946718 0.36257728412266405
499 0.2961950894641272 0.36247535127118585
500 0.29611496502980145 0.3623740615372203
501 0.296035314319012 0.36227304227916696
502 0.2959561334772979 0.36217212352270606
503 0.2958774254494362 0.3620718176617581
504 0.2957991818076346 0.3619716323375714
505 0.2957214836001957 0.36187195102086805
506 0.29564424837564385 0.36177265763376215
507 0.2955675111512836 0.36167361620977506
508 0.29549124266152454 0.36157475269280104
509 0.29541546694550047 0.3614761002597056
510 0.2953401261975883 0.36137794955704045
511 0.295265287585074 0.36127991197260073
512 0.29728594452247487 0.36118287993775755
513 0.2972120619975957 0.3610860529166683
514 0.29713865075031093 0.3609897049061807
515 0.29706577409098867 0.3608937563651891
516 0.2969933714720744 0.38177703560210496
517 0.29692144111700136 0.3816816572220016
518 0.2968500245847199 0.3815865043121218
519 0.2967790402600482 0.3814916814339966
520 0.29670854660779955 0.381397164364906
521 0.2966385553028606 0.38130308480035685
522 0.29656899704330747 0.38120899259678004
523 0.29649983307538175 0.38111536061058837
524 0.29853612267401597 0.38102173007529927
525 0.3005731087290371 0.380927786076423
526 0.3005054672916916 0.3808345070807876
527 0.2983333928851965 0.3807414813360236
528 0.29826663576167134 0.38064944636401427
529 0.298200331567589 0.3805578085588518
530 0.2981344515999142 0.38046652476917525
531 0.2980690118774747 0.3803754145625709
532 0.2980039749690018 0.3802846068248006
533 0.297939361148281 0.38019408027149776
534 0.2978752528501098 0.3801037972842613
535 0.29781152502042596 0.38001393911975595
536 0.2998544321717146 0.3799238052331585
537 0.29979173227559086 0.3798342481523746
538 0.29972934986271216 0.3797452898762391
539 0.29966736900792257 0.37965666036524404
540 0.29960579128339804 0.3795682941030368
541 0.2995446383972954 0.3794804259313203
542 0.29948387684408995 0.3793925950799511
543 0.2994235046570263 0.3793049242822484
544 0.2993634879117863 0.379217668712035
545 0.2993039180821736 0.37913080830395063
546 0.2992447576742477 0.37904428317026223
547 0.29918598511871974 0.3789578226228753
548 0.29912758759352553 0.378871697201271
549 0.2990695553672083 0.37878594896253687
550 0.29901193183582997 0.37870050424005297
551 0.29895471977864085 0.37861541354501815
552 0.29889789228032243 0.3785306192840462
553 0.2988414737208311 0.3784460967842116
554 0.29878544365666887 0.3783616843677316
555 0.29872974314982775 0.3782776404280632
556 0.2986744302172217 0.37819386998516213
557 0.298619501052224 0.37811017428365484
558 0.29856493386167937 0.3780269365500211
559 0.29640959581384807 0.3779443836962731
560 0.29635580940879147 0.37786205715752563
561 0.29630239674406156 0.37777953602018227
562 0.2962074055872853 0.3777074884381881
563 0.29615595513557263 0.377619588879415
564 0.2961039411311492 0.3775348728932103
565 0.29605203470353064 0.37745138348061835
566 0.2960004004849934 0.3773690125409293
567 0.2980547419875128 0.37728726174438826
568 0.2980036829434409 0.37720632077279
569 0.297952917612232 0.3771255595687207
570 0.2979024525019413 0.377045254710063
571 0.29785228331035846 0.3769651707717199
572 0.2978023843075827 0.37688494740124473
573 0.29775283577591394 0.37680519033785553
574 0.29770352602108896 0.37672565003294856
575 0.2976545731043979 0.3766462101077502
576 0.2976058494218734 0.3765670557585882
577 0.2975574465013277 0.37648795578918287
578 0.2975093881549918 0.37640930188672717
579 0.2974616063860238 0.3763306365027797
580 0.2953015750434907 0.37625193392615885
581 0.2952543005125163 0.3761734443975729
582 0.2952074324593525 0.3760950708192908
583 0.29726204196044653 0.376016491004082
584 0.2972156815178153 0.3759384883597101
585 0.29716959058287656 0.3758607189017838
586 0.2971238083203444 0.3757832682260931
587 0.29707829236445643 0.37570614927740903
588 0.2970330867957769 0.37562921979944036
589 0.29698815180620947 0.37555231528197364
590 0.29694347940723137 0.3754757490701434
591 0.2968990514415495 0.3753992535789975
592 0.29685490660897823 0.3753230260283147
593 0.2968110676057465 0.37524738346597203
594 0.29676748903789046 0.37517192568565644
595 0.296724228670703 0.3750967411588154
596 0.2966811639561634 0.37502175596317483
597 0.296638378750094 0.3749466794162474
598 0.2965958248976523 0.3748720686473902
599 0.294455349882455 0.37479667349406026
600 0.29441351684988065 0.37472247630377653
601 0.2943718981627692 0.3746486409996348
602 0.2943304974062286 0.37457514014444315
603 0.29428932130243973 0.37450191824563694
604 0.29424835385502074 0.37442868280026903
605 0.29420763132195366 0.37435586236454055
606 0.2941671497727488 0.37428323424552984
607 0.2941268817934121 0.37421065190568026
608 0.29408684585019707 0.374138408941324
609 0.29404706281422305 0.3740661343622732
610 0.2940075015790721 0.37399423644110547
611 0.2939681801008226 0.37392248534151706
612 0.2939290996399895 0.37385089538485966
613 0.293890221604151 0.37377940595699904
614 0.29385156125992984 0.3737082469257324
615 0.2938130897715834 0.373637012105043
616 0.29377487621818194 0.3735661688388638
617 0.2937368879667855 0.3734955170255853
618 0.2936990832389213 0.37342500115017174
619 0.29366147655530833 0.3733546410586477
620 0.29362408414344826 0.37328431809005497
621 0.2935869137943503 0.3732143544370927
622 0.2935499632628558 0.373144685774965
623 0.29351327519731957 0.37307526889741177
624 0.29347678328795807 0.37300594202310955
625 0.2934405166715212 0.3729369710390854
626 0.29335714849177746 0.3728727589947199
627 0.2933229883932968 0.37280691905337765
628 0.29328895694464846 0.3727414935081814
629 0.2932549899222289 0.3726758589602066
630 0.2932210847560805 0.37260997977277793
631 0.293187298968622 0.37254412479283544
632 0.2931536536219631 0.3724781345171198
633 0.29312013603351617 0.372412278910526
634 0.29518476508856034 0.3723475205196883
635 0.2951513317862057 0.37228177334574863
