1 2.830226746032897 2.611051629507228
2 2.6302048616995544 2.5864185239492277
3 2.535244562675294 2.5661376395203956
4 2.4697436014824596 2.462745533547315
5 2.430570728373371 2.3587719821439763
6 2.3746907665907946 2.3377052703411563
7 2.352063688133696 2.3146879927784596
8 2.329012551677266 2.2054482683000205
9 2.314088554211451 2.2636956567591744
10 2.282531858076047 2.2373519781163256
11 2.2512574332301063 2.211325351276288
12 2.2204669268647406 2.017916448495694
13 2.1903236501519325 1.9941696615781832
14 2.1526083670319305 1.8878339476917723
15 2.1242402702409184 1.8672295427920396
16 2.0715709925117216 1.8481554269212248
17 2.087213252329194 1.830559260899103
18 2.061835950145694 1.7302024308641097
19 2.079655920474398 1.6311392417628514
20 2.073304609138445 1.6174492356877186
21 2.051203579090658 1.6047990630241111
22 2.030088619071966 1.5930765598791798
23 2.001414536256588 1.5821747280542102
24 1.973657253979264 1.6560899555734603
25 1.9718783231773904 1.6465518089577458
26 1.9707727684718312 1.7217940709453174
27 1.9534353221034337 1.629122432188474
28 1.9368630269504838 1.70531001303443
29 1.9206283839719958 1.697847904879845
30 1.879616057019313 1.6907949409104492
31 1.8727042259390614 1.684142753000273
32 1.8577632724244981 1.6778570305749676
33 1.843254378226316 1.67191664554963
34 1.845875434088778 1.5822232301837127
35 1.8488946857351418 1.57691432440825
36 1.8438142552627985 1.571904808847773
37 1.8306239828340416 1.567180975823369
38 1.8261274982369504 1.4785262752133177
39 1.7966352388764806 1.4743290713164758
40 1.801032940541345 1.4703680968078736
41 1.7719966062998498 1.4666448223465858
42 1.7600213687757742 1.4631155983924768
43 1.7313436932445774 1.4597792617212
44 1.7028868695522021 1.456612935068429
45 1.6998257096020235 1.4536202909861151
46 1.6884895232577661 1.4507845455491426
47 1.6941174922565023 1.4480985888370657
48 1.699875932078686 1.445547647680107
