1 0.559270936939435 0.6579904296315324
2 0.4899988044719089 0.6470045730205694
3 0.49312128368237573 0.5951755496789701
4 0.48722892118768313 0.5657456997311429
5 0.4807420604478807 0.5569122954597696
6 0.4810876886482767 0.5682124937923723
7 0.47515884078245024 0.5575075228245144
8 0.46897747788525274 0.5457230247495892
9 0.447731293198818 0.5329935438210439
10 0.44093009334526906 0.5196762836332384
11 0.4298494683212377 0.4642915404268148
12 0.41893599567663437 0.45144061120275997
13 0.4083921259318319 0.43955208247637767
14 0.40044948734667024 0.42869540648044724
15 0.39512710978596555 0.43991485106244094
16 0.39031647102334105 0.4311289304733203
17 0.3775559720034699 0.42334103415003294
18 0.3673323834501758 0.41649093033090284
19 0.36378542871190245 0.4104780729236939
20 0.3605570375291986 0.40518097479098575
21 0.3554361128412849 0.4214237329990015
22 0.3547635948729432 0.4171718071783758
23 0.3521492761670961 0.4133467672830202
24 0.35175405693131095 0.4098318284950954
25 0.3451405413571154 0.40655576705810076
26 0.342782178455037 0.4034937008303026
27 0.3362708407291763 0.3795972490675233
28 0.3359898254867861 0.3769229805982966
29 0.33590981302399336 0.3744385261848373
30 0.33379345037137603 0.37211952785863295
31 0.32966401674121154 0.36993930998825053
32 0.3319424571892121 0.367844003178118
33 0.3280129538413082 0.3657961594939575
34 0.3262678964493588 0.36377565447590315
35 0.3246322758739223 0.36177031553157385
36 0.32517873027724503 0.35978761543216503
37 0.32159495128148025 0.3578498474560911
38 0.31807781597621293 0.35595705260580873
39 0.3167196651605727 0.37515794247618606
40 0.3133055349186899 0.3733667398116392
41 0.3099326579872102 0.39257236644325433
42 0.30659484292818295 0.39090986500693314
43 0.3074811092193505 0.38931321663870844
44 0.30630374641924496 0.3877744901738448
45 0.305145167611184 0.40732963852700776
46 0.3061150735737097 0.40589158180252477
47 0.30494505473586736 0.40454946667390973
48 0.3059613682715947 0.38209536619692747
49 0.3090947039827121 0.38070030501700547
50 0.30385084475698426 0.37933088388779557
51 0.30075092068117604 0.3780023479656053
52 0.29980579620056846 0.3767575194787749
53 0.2968193273178775 0.37561029279641317
54 0.2960151753865242 0.39555005030248525
55 0.2952882477058018 0.3946109140563548
56 0.2925359075752594 0.3937791051034889
57 0.29196279611027687 0.39304704195923956
58 0.29354980970580147 0.392398783806497
59 0.29099677229964244 0.39182520871603627
60 0.29474919381691067 0.4122955888347152
61 0.2964838570941509 0.4118251049266914
62 0.29825527428655646 0.41139111204905354
63 0.3000514694010765 0.4109879142510985
64 0.3018703956351444 0.4106056550164258
65 0.30160233298214734 0.4102454710733123
66 0.30134945702351135 0.4099008970556966
67 0.30321000116901614 0.4095698497186707
68 0.3029818898653489 0.40926066767181174
69 0.2985540710252267 0.4089759030041751
70 0.2983477773687398 0.4087105596894904
71 0.30235867994424803 0.4084647576367991
72 0.3021703623742031 0.4082326456929226
73 0.30198806028814273 0.40801561382328816
74 0.3018120190997242 0.40781412596586863
75 0.3037473472118888 0.40762695009477046
76 0.3056869375689275 0.40745171705672156
77 0.307631381401289 0.4072866692125114
78 0.3095797786348864 0.40713163802962393
79 0.3052199049638209 0.4069842116368818
80 0.3050708711432135 0.406840934639285
81 0.3049251913050937 0.40670249157052146
82 0.306886166312378 0.40656991244411694
83 0.3067463932741873 0.40643761163585096
84 0.308686639324392 0.4063085737385738
85 0.31065647669088425 0.40617894016550915
86 0.3084129906336901 0.40604785943642796
87 0.306178809449697 0.40591658163988825
88 0.3081582399585689 0.40578709575283267
89 0.30803229688743194 0.40565937144675684
90 0.30790798063230346 0.4055339447146827
91 0.3098880335650542 0.4054100552768336
92 0.3097666988242004 0.4052892258151214
93 0.30964685755876414 0.40517177706895285
94 0.30952840071078924 0.40505776108020464
95 0.30941132788061654 0.4049477070915715
96 0.3113898372824953 0.4048434266287031
97 0.3112754186045181 0.4047425071491345
98 0.3132658739609806 0.40464544407023106
99 0.31315411147149813 0.4045532293195567
100 0.31304377175859055 0.4044649181189322
101 0.31293482708055864 0.40438027301476964
102 0.3128272199919914 0.40429950971857914
103 0.3127210331626748 0.4042224930874133
104 0.31051190323023947 0.4041502125685771
105 0.31040849376359564 0.40408121773006556
106 0.31030663357947424 0.4040156451493232
107 0.306000358854072 0.40395664823079164
108 0.305902001454658 0.4038994723514311
109 0.3037017636274403 0.4038461001624972
110 0.30360594894820947 0.4037946179538573
111 0.30351144332357066 0.4037455872941983
112 0.29921924490530477 0.403697751537961
113 0.29912740478322286 0.4036529298379748
114 0.29903684218775783 0.4036102266723786
115 0.29894754370160964 0.40356936720009945
116 0.2967550923448243 0.40353129569267987
117 0.29666843133530346 0.4034941310449779
118 0.2944778836303311 0.382446253592176
119 0.29229366283101643 0.3824125973794511
120 0.29221118988035977 0.3823801866977929
121 0.29213021520012683 0.3823491526247266
122 0.29205076406265096 0.3823197048371137
123 0.2919729378132822 0.3822913362591154
124 0.2939987727804554 0.38226470481627317
125 0.2939244252962748 0.3822396924565424
126 0.2959523560133438 0.38221565528762047
127 0.29588149208572656 0.3821934191076894
128 0.29788463735061094 0.3821772265754867
129 0.29781697565833515 0.38215934178900696
130 0.2977514554003987 0.38214314772084196
131 0.2976879360047667 0.3821286910425069
132 0.29762640385763905 0.38211607330158587
133 0.2954625000013973 0.3821039434438602
134 0.2954049469582686 0.3820939060383458
135 0.29534892664934315 0.3820848427114757
136 0.2931920884938445 0.38207506133176045
137 0.2931384730036026 0.38206735286828725
138 0.2930868160946725 0.3820598646365474
139 0.29303662668665914 0.3820519689624167
140 0.29298773520347804 0.38204369596602383
141 0.29294002986916245 0.3820348278912838
142 0.2928934204315087 0.3820250785923839
143 0.2907430814357856 0.3820138083676973
144 0.2906980261270977 0.38200200028184456
145 0.29275726740096547 0.38199192545897526
146 0.28854157550347126 0.38197082347616457
147 0.28849678311395033 0.38195598354045374
148 0.2884524501850882 0.3819451753061884
149 0.2884087717538986 0.38193713249191397
150 0.2883658309692186 0.3819314325880719
151 0.2883237471450289 0.38192868045532746
152 0.2882824727978586 0.381928617558488
153 0.2882420564714588 0.38193141293647626
154 0.28820252628203735 0.38193753820044407
155 0.2881637879642183 0.381947049349286
156 0.28812585658550577 0.3819596464724868
157 0.2880887411998326 0.38197622826292277
158 0.2880523629370322 0.381995631168431
159 0.28801677047208374 0.38201852076985615
160 0.28588463719774615 0.3820453475528446
161 0.2837510712409444 0.38207182198326334
162 0.2816112536677722 0.40313249059934414
163 0.2836823478096799 0.40316733003747157
164 0.28575264563237923 0.4032018179895883
165 0.2857211584518196 0.40323935493661434
166 0.28569045631288964 0.403279289247125
167 0.2856603889319744 0.4033211068379368
168 0.2856310028419393 0.40336437534141095
169 0.2856021746052858 0.4034090163985782
170 0.28557387805471 0.40345485803089104
171 0.2855461283658875 0.40350135325581316
172 0.2855188154876079 0.4035489251954009
173 0.2854919650050387 0.40359722913484897
174 0.28546551718222324 0.4036462856358297
175 0.2854394343184494 0.40369574995273355
176 0.28541363187423086 0.4037453829751528
177 0.2874922762222145 0.382848386773135
178 0.2853634164018417 0.3828980964416252
179 0.2853388067799617 0.382949934229653
180 0.28531419202734754 0.38300175994096974
181 0.28739446093968274 0.3830588292217764
182 0.28737001094440423 0.38311098009931527
183 0.2873455901305248 0.3831632802600354
184 0.28732113165832673 0.38321561947671734
185 0.2872966484374521 0.3832682539369623
186 0.2893580505058811 0.3833220501004804
187 0.28933261843666735 0.38337534624694136
188 0.289307662585404 0.38342889083920073
189 0.2892826752608181 0.3834828078973652
190 0.2892576635500897 0.3835376097088508
191 0.28923253595961124 0.3835925892947125
192 0.289207183789265 0.3836482608790883
193 0.28918161577690243 0.3837045290001582
194 0.2891558322991761 0.38376159750646605
195 0.2912344197087047 0.3838202090201728
196 0.2912079631653086 0.3838786906556312
197 0.2911812383608263 0.38393818290323617
198 0.2911542128350373 0.3839985425053103
199 0.29112680341701497 0.3840599731146205
200 0.2910990166209392 0.3841227134182363
201 0.29107074349679246 0.3841872201165595
202 0.2910420579365566 0.38425261788295373
203 0.2910129312191344 0.3843196279043638
204 0.29519116720942534 0.38439076362966595
205 0.29516065744871134 0.3844592774611757
206 0.29512976985373135 0.3845300980958334
207 0.2950984588986696 0.3846033581120642
208 0.29506677759605715 0.3846792227927118
209 0.29503256854029924 0.38475679877206476
210 0.29500010364212625 0.3848383837954852
211 0.29496733757861626 0.38492349934534437
212 0.294934377896117 0.38501252967038646
213 0.2949013763773952 0.38510553360236566
214 0.29486841469381836 0.38520272412236267
215 0.2948355954003744 0.3853038085847756
216 0.2948029021566839 0.3854087322607857
217 0.2926655873003275 0.38551727460374086
218 0.2926332158564665 0.38563154737448235
219 0.294695381893637 0.38575068962196574
220 0.29466359401342085 0.38587263301192587
221 0.29252759646810744 0.3859942456328549
222 0.2903936355195175 0.3861183533858428
223 0.29036388510589695 0.38624572460365014
224 0.28822754360240804 0.3863720319770647
225 0.28819869010136184 0.38650120129765125
226 0.28817058718668936 0.3866322076550109
227 0.28814319829265495 0.3867636987812492
228 0.28811648579747157 0.3868954535766189
229 0.28809034945953355 0.38702698559570736
230 0.2880647833854133 0.3871577858956497
231 0.2880397511015885 0.3872878990325875
232 0.2880151056020948 0.3874174507781802
233 0.2879909446075617 0.3875457895184426
234 0.28796720105134593 0.38767341696719276
235 0.2879438518597384 0.3877995803103228
236 0.2879208697575553 0.38792416247946676
237 0.287898252564235 0.38804772718883834
238 0.28787596035609636 0.388169558403001
239 0.28785396502628663 0.38828959568392174
240 0.2878323169192146 0.3884082727215795
241 0.28781090867548637 0.38852475662368785
242 0.28778975782542193 0.38863950205851183
243 0.2877688353279089 0.38875221029662305
244 0.28774820554817454 0.3888625644711168
245 0.2877277430263968 0.388971127447133
246 0.28770748371382987 0.38907665870234365
247 0.2876874032552778 0.3891800425148272
248 0.28766745122471565 0.38928070009762644
249 0.2876476915539028 0.38937898154273987
250 0.28973043456496167 0.3894788339099844
251 0.2897103956999988 0.38957373501938203
252 0.2896907368812857 0.3896646503411543
253 0.2917754384202731 0.38975240269194106
254 0.28965029687568083 0.3898383986497739
255 0.2896307443481821 0.3899199303160927
256 0.2896112483714762 0.3899969039497649
257 0.28959174341046157 0.39007069861274335
258 0.29167082532579586 0.3901395406007482
259 0.29165109306986914 0.3902057174488666
260 0.29371983877529917 0.3902895069095585
261 0.2937012764062697 0.3903544731240407
262 0.2936820635341834 0.3904133050167002
263 0.293662788349985 0.3904675184388026
264 0.2936434597489202 0.39051738714826856
265 0.293624027295948 0.3905629301036932
266 0.2936043682555418 0.3906041495744936
267 0.29358451097361254 0.3906414735451414
268 0.29356450606660234 0.39067489555542123
269 0.29564971611935087 0.3907020106875662
270 0.2935355246766167 0.39072531413554984
271 0.2935151296449315 0.39074556815459416
272 0.2913892558244268 0.39076262288461866
273 0.2913678433177786 0.39077598935796565
274 0.29134631131473765 0.3907860398936425
275 0.2913245236401708 0.39079256694539494
276 0.29130250948207304 0.39079610065968345
277 0.291280243831473 0.39079658128502687
278 0.2912578501003598 0.39079461875919247
279 0.29123530338828507 0.41180471891338943
280 0.2933128293316389 0.4117985927228782
281 0.29328973836023253 0.41178982177282847
282 0.29326670547123723 0.4117790533674997
283 0.29324359890164753 0.4117659904214394
284 0.29322053123693026 0.4117511512816571
285 0.2931974454088172 0.41173448102433835
286 0.2931743719159154 0.41171697983613215
287 0.29315133564831464 0.4116979139453217
288 0.29312831916553767 0.4116779304078878
289 0.2931053812182263 0.4116563680373273
290 0.2930825083787158 0.41163399170085446
291 0.29305876783438034 0.4116093968044305
292 0.2930359594462153 0.4115861875548542
293 0.29091460561460364 0.41156408851039533
294 0.290892053709959 0.41154002165176756
295 0.29086956683499204 0.41151577871821293
296 0.2908471012013263 0.41149062216557614
297 0.2887209323723234 0.41146393195335373
298 0.28869844106184306 0.411437057831101
299 0.288676111970443 0.4114104915334457
300 0.28865384539673766 0.41138381305624006
301 0.2886316193660145 0.4113565696304125
302 0.2886094843386259 0.4113295821718087
303 0.2885873541693076 0.4113020664248095
304 0.2885652619569737 0.4112743282616506
305 0.28854322242010905 0.41124617168301486
306 0.288521168896701 0.411218314407329
307 0.2884991165626071 0.4111901022568437
308 0.2884807971152224 0.4111566963410281
309 0.29056399310658926 0.41112694752672196
310 0.2905425431105595 0.43213660705275525
311 0.29052099679273974 0.4321072453052406
312 0.290499333424293 0.43207841155675275
313 0.29258642103566135 0.43204978219019
314 0.2925649261368687 0.4320216641896772
315 0.2925433088671784 0.43199377834564073
316 0.29252156161985554 0.43196588225331845
317 0.29249971085181076 0.43193807158750896
318 0.2945581438337096 0.43189874500426845
319 0.2945388367895495 0.43187832059928427
320 0.2945187435479399 0.41084168564085544
321 0.2944978751347103 0.4108187562814074
322 0.29447657106906533 0.41079494630016455
323 0.2944548927986218 0.41077084208621895
324 0.2944329601437823 0.41074641662065436
325 0.29441077429474954 0.4107221356312144
326 0.2943883848041583 0.4106978018614188
327 0.2943658070758209 0.410673654332901
328 0.29434304105654885 0.4106499034989668
329 0.2943200796475461 0.41062649020153147
330 0.29429694091932357 0.4106035036868171
331 0.29427365997948496 0.41058099516838986
332 0.2942502117856393 0.4105593555286453
333 0.294226595527337 0.4105382920178358
334 0.29420282037706896 0.41051826351912735
335 0.2920744172100278 0.41050479748240354
336 0.2920476551882143 0.4104888155572055
337 0.28992021901755577 0.4104722074588675
338 0.2898958913954212 0.4104556301979066
339 0.28987136918936984 0.4104402170388417
340 0.28984672037568204 0.41042526346858815
341 0.2898219130441407 0.38937186280169717
342 0.28979700617560133 0.38935936376998526
343 0.2897720160664934 0.389347963764418
344 0.2897469153047331 0.3893383003759051
345 0.28972169466809855 0.38933051532986085
346 0.28969633418351326 0.38932507335292604
347 0.2917755725977002 0.38932543529937425
348 0.29384701798459295 0.38932389724792876
349 0.29174129693208056 0.38933191156095986
350 0.29171336825057176 0.3893273103843201
351 0.2916870960361756 0.3893331516621708
352 0.28955846026048904 0.3893416386551689
353 0.2895317650309298 0.38935117262710456
354 0.28950515974438207 0.3893634528563033
355 0.2894785542056887 0.38937851181267574
356 0.2894519608575207 0.38939552774510383
357 0.28942529094190106 0.3894147769329873
358 0.287292453999149 0.38943729115336045
359 0.2872653211802022 0.389462460029593
360 0.28723833366801294 0.38948900795544766
361 0.2872113975218844 0.38951640359099227
362 0.2871845388041218 0.3895453269835439
363 0.2871577072373042 0.38957576662369414
364 0.2892354318831111 0.3896096311871416
365 0.28710614347593255 0.38964174809066066
366 0.28707926961546304 0.389677876761753
367 0.28915857331881584 0.38972421834172566
368 0.28913237873950165 0.38976745654907735
369 0.28700369910097 0.3688496122224866
370 0.2869775505209155 0.3688929119863008
371 0.28695148718284097 0.36893755462818695
372 0.286925522449061 0.36898328014827136
373 0.286899668232233 0.36902995761936547
374 0.2868739598094904 0.36907736888784903
375 0.2868484204861559 0.36912535686645576
376 0.2868230664214486 0.3691739598550913
377 0.2867978096766394 0.3692231697040322
378 0.28677274758454624 0.3692723431598968
379 0.2847155709634995 0.3692994352646316
380 0.2867215348907898 0.3693792857293508
381 0.28256076514824924 0.36939977927024686
382 0.28253470439871997 0.3694548403072756
383 0.2825097557681545 0.36950339637042673
384 0.2824851898822595 0.3695505303758622
385 0.2824609531944504 0.36959771562661015
386 0.2824370288542804 0.36964508476049035
387 0.2824133589404412 0.3696923503395565
388 0.2823898757509857 0.369739320588966
389 0.28656600185343845 0.36978774005498916
390 0.2865431320506223 0.348798852629016
391 0.2865204544026415 0.3488432244387973
392 0.28649792594320866 0.3488862356052299
393 0.2864756292513025 0.34892731815930395
394 0.28645348840373364 0.34896722020216037
395 0.28851635533023096 0.3490838296516066
396 0.2884946592031598 0.3491341007903669
397 0.28847284247525 0.34917183695478965
398 0.2884512562607989 0.34920495270768265
399 0.28842989300092525 0.34923546818516976
400 0.2884087301303524 0.34926293647900913
401 0.2883877417525862 0.3492878808849951
402 0.28836694650926187 0.34931044970719466
403 0.29248203635842485 0.3493478364367758
404 0.29043114012904236 0.3493381795137784
405 0.29244187959439144 0.34937677302904807
406 0.2924234409424711 0.3493801879604488
407 0.29037250521474006 0.3493695304307805
408 0.29238300576923404 0.3494015423317691
409 0.2923651180884504 0.349397666989841
410 0.29234639726894046 0.349395316116616
411 0.2902229002287227 0.3493995619922613
412 0.2902042679674862 0.3493944491758042
413 0.2901857924992885 0.3493869798002599
414 0.2922715033889652 0.3493761715526987
415 0.2922533816839017 0.34936312536908143
416 0.29223536130500416 0.3493485659179063
417 0.2922175298120212 0.349331734745172
418 0.2921998451095883 0.34931286183124605
419 0.29428618145361235 0.3492914425520576
420 0.29426898612991387 0.3492678090060087
421 0.2942518703016019 0.349242818564342
422 0.29633921647237077 0.34921732016522006
423 0.29632241565005135 0.34919008897219195
424 0.2984078474991846 0.3491592657132117
425 0.29839145608251 0.3491283723980948
426 0.2983752437240952 0.3490974755830738
427 0.29835920618606177 0.34906521818600594
428 0.2983433442115217 0.3490324117430933
429 0.294118222577721 0.3490038190201066
430 0.2941026999435991 0.34897122606149517
431 0.29408737641913235 0.3489375104074593
432 0.29407221981848736 0.34890371165887796
433 0.2940572371257168 0.34886925969514876
434 0.29404239367237767 0.3488339396002457
435 0.2919212576076821 0.3488023619907663
436 0.2940097619986558 0.3487663860658588
437 0.29399506570507256 0.3487299615553715
438 0.29398050625111766 0.3486937553508477
439 0.29186306327278 0.3486596750581367
440 0.2918488752765376 0.34862461329155947
441 0.29183479912606936 0.34858928187246324
442 0.29182083378146223 0.34855384203248446
443 0.2938922539318821 0.3484707135887124
444 0.29387854171778827 0.34843418322748654
445 0.29386536304134564 0.3483990931951619
446 0.29385220836584247 0.34836487288620493
447 0.29173400458599913 0.3483303991143935
448 0.2917208878859605 0.36926229315275316
449 0.2917078441785722 0.3692300450430699
450 0.29169485757004093 0.369197882309121
451 0.2916819425890962 0.36916583525540775
452 0.2916690322848276 0.3691344284959977
453 0.291656172291859 0.3691035560184422
454 0.2916433658887384 0.36907285425013947
455 0.2916305480667376 0.3690425819668637
456 0.2916177855411814 0.3690122389978895
457 0.29370773295136354 0.3689832043534874
458 0.29369496583295096 0.3689532867812484
459 0.2936822781873473 0.368923766107182
460 0.2936695371069011 0.36889442491456925
461 0.29365682960099443 0.368865477769654
462 0.2936441090322876 0.3688368343367964
463 0.2936314051160152 0.36880852365625816
464 0.2936186987432425 0.3687805263791846
465 0.29360597014522766 0.3687526604944938
466 0.29359322923872433 0.3687251565195344
467 0.29358050081978926 0.3686979002429871
468 0.2935677345955942 0.3686707485908195
469 0.2935549630802301 0.3686438082895965
470 0.2935421675713342 0.368617591651901
471 0.2935293310128809 0.3685911951610653
472 0.2935164975615825 0.36856495634594466
473 0.2914029617367349 0.3685417064040207
474 0.291390350588772 0.3685172166333436
475 0.2913776142277631 0.3684926483211242
476 0.2913648226961247 0.3684683313544098
477 0.2913519572440656 0.3684434412772565
478 0.2913390618284305 0.3684186325725137
479 0.2892277611121505 0.3683985978775921
480 0.28921483225998923 0.36837598035907015
481 0.28920177108670375 0.36835279553183536
482 0.2891886997920795 0.36832908249921226
483 0.2891755614627266 0.368305537332122
484 0.28916240299592566 0.36828147135711714
485 0.2891491743185003 0.3682574491141866
486 0.28493145473885706 0.36823110665991216
487 0.28491834288924983 0.36820674633925876
488 0.28490516913854014 0.3681832912139515
489 0.28489189319651864 0.36815966766770303
490 0.2848785744234353 0.3681360067945666
491 0.2869673337728868 0.3681110312857996
492 0.28695403957523796 0.3680870551368724
493 0.2890420562859738 0.36806337281147106
494 0.2890283790987834 0.36803880698456565
495 0.2890146931003263 0.3680143408410674
496 0.2890010151889675 0.36798933521703525
497 0.29109323680463883 0.3679622362148305
498 0.2910795781266413 0.3679364070146939
499 0.2910658500049674 0.3679113890780105
500 0.2910520815809164 0.36788626239886263
501 0.291038236112029 0.36786163692673557
502 0.29102435532716825 0.3678372477899814
503 0.28890843283611434 0.36781221298817973
504 0.2888945316788296 0.3677879033755131
505 0.28888058098036595 0.36776379913106977
506 0.28886658516672203 0.3677400625375326
507 0.28885256284206573 0.36771619206211703
508 0.2888385339542621 0.36769276871463885
509 0.28882447666695993 0.36766935749990426
510 0.2888104267970339 0.36764642735733344
511 0.286693050927419 0.3676223586315265
512 0.2866790607467334 0.36759886302560946
513 0.2866649896472602 0.3675762581707922
514 0.28665086601117756 0.3675538988993503
515 0.28663673296359393 0.36753202426431114
516 0.286622595400407 0.36751038451311424
517 0.2866084642405001 0.36748876864859514
518 0.2865943203862798 0.36746764116819436
519 0.28658021594647787 0.36744670642365235
520 0.28867155626012503 0.3674286990224286
521 0.28865742932225724 0.36740977205958
522 0.28864327844173043 0.36739044068581855
523 0.2886291799352146 0.3673711866444577
524 0.2886151267416066 0.36735210829690146
525 0.29070503179095364 0.36733350106536433
526 0.2906911421454072 0.36731539253290973
527 0.29067718838207046 0.3672975401328662
528 0.2906632387234966 0.36728016268909225
529 0.2906493174847212 0.36726252800412784
530 0.29063544419420406 0.36724483009436976
531 0.29062157502934555 0.36722768573024567
532 0.290607774797948 0.3672109788775254
533 0.29059399620265663 0.367194001843439
534 0.2905802732870706 0.36717711469230524
535 0.29056661962433705 0.36716073151088113
536 0.2947602828612136 0.3671442153930241
537 0.29474658735742787 0.3671272413587155
538 0.2968384889311021 0.3671119616949153
539 0.29682503053792797 0.3670974625122586
540 0.2989195196978866 0.36708088187744387
541 0.2989063882851509 0.36706679366979333
542 0.2988931926833565 0.36705288382985407
543 0.2988800321135063 0.3670387125683268
544 0.29886689412751805 0.3670253879093032
545 0.2988537901186669 0.3670119723572249
546 0.29884076150554373 0.3669989677565632
547 0.29882776333487404 0.36698540478667524
548 0.2988148314604604 0.3669723894551709
549 0.2988019693606942 0.36695984642563606
550 0.30299340409735265 0.3669298174206664
551 0.30297951460444894 0.3669160734219354
552 0.3029663879931284 0.3669038939612954
553 0.30295347111485055 0.36689107406875243
554 0.3029406906895785 0.3668794165414415
555 0.3029279946140136 0.36686796524031945
556 0.3029154235799023 0.3668564470104818
557 0.3029028618344378 0.36684504141645063
558 0.30289039902077713 0.36683357263429667
559 0.3028780166395223 0.36682223990074003
560 0.3028656896989916 0.36681088994321487
561 0.3028534068918571 0.36679937619109343
562 0.3028412013569449 0.3667884469675176
563 0.3028290519132547 0.36677717594874065
564 0.3028169467954109 0.3667661895053798
565 0.3028048988683145 0.3667549592350138
566 0.30279290768098144 0.3877820507631527
567 0.3027809700172316 0.3877708186591228
568 0.30276908700519295 0.38775931512626
569 0.3027572581695242 0.38774814872575103
570 0.3027454479658979 0.3877367291852256
571 0.30273369167859 0.38772530743766476
572 0.30272199403953404 0.387713785865773
573 0.3027103660426066 0.38770236575472056
574 0.3026987619710497 0.3876911297230369
575 0.3026871827691372 0.387679962647319
576 0.3026756881493784 0.38766815245974084
577 0.30266422708335067 0.38765641450293753
578 0.3026527976633561 0.38764495750978023
579 0.30264140464171135 0.38763323908100383
580 0.30263006205951387 0.38762149529660267
581 0.30471601359417744 0.38758521794041273
582 0.30470477960289205 0.3875682241902809
583 0.30469346751173954 0.3875538829474489
584 0.304682208868614 0.3875404593456187
585 0.30467094876370193 0.38752760789200885
586 0.3046597558114667 0.3875153546587343
587 0.30464860330811033 0.3875027811485588
588 0.30463748163222276 0.38749016730421176
589 0.3046263755509058 0.38747773810119773
590 0.3025113849415096 0.38746573210919066
591 0.30250040444533843 0.3874533717620254
592 0.30248945278700634 0.3874406652194509
593 0.3024785229396638 0.38742834473730337
594 0.30246763083641726 0.38741564294346303
595 0.30245675102478325 0.3874026788378404
596 0.30244590765051044 0.38738952669059235
597 0.30243513202122996 0.387376782203087
598 0.3024243303714596 0.38736373985287315
599 0.30241360955671703 0.3873505388577867
600 0.30240285634727787 0.3873372356352813
601 0.30239215737125547 0.3873240341936808
602 0.3023814618805229 0.38731040307362014
603 0.3023708091064607 0.3872968221013434
604 0.30236016253895265 0.3872831733732662
605 0.30234957028201076 0.38726956720244887
