1 0.0004575147380435376 0.00045751473800324923 0.00028426653588722325 0.0002842665358918734 0.0012712785959444295 0.0012712785959652256 0.021351781864168414 0.021351781863223732 0.01 0.10154414176940918
2 0.00045751473799968595 0.0004575147379524545 0.00028426653589060357 0.0002842665358894174 0.0012712785959595467 0.001271278595954242 0.02135178186314063 0.021351781862034912 0.01 0.10241913795471191
3 0.0004575147379447204 0.0004575147379016598 0.00028426653590033624 0.00028426653588696315 0.0012712785960030725 0.0012712785959432661 0.021351781861850896 0.021351781860846096 0.01 0.10197067260742188
4 0.00045751473790772853 0.0004575147378508655 0.0002842665358864639 0.00028426653588450884 0.0012712785959410335 0.0012712785959322903 0.02135178186098834 0.021351781859657283 0.01 0.10063576698303223
5 0.00045751473783549974 0.0004575147378000707 0.0002842665358932867 0.0002842665358820547 0.001271278595971546 0.001271278595921315 0.02135178185929513 0.021351781858468467 0.01 0.10045886039733887
6 0.00045751473778789546 0.00045751473774927607 0.00028426653589369116 0.00028426653587960044 0.001271278595973355 0.0012712785959103391 0.021351781858180256 0.021351781857279647 0.01 0.10178780555725098
7 0.00045751473773058497 0.00045751473769848147 0.0002842665358948963 0.0002842665358771454 0.0012712785959787445 0.00127127859589936 0.02135178185683788 0.02135178185609083 0.01 0.10532355308532715
8 0.00045751473769859146 0.00045751473764768676 0.00028426653586728374 0.0002842665358746909 0.0012712785958552573 0.001271278595888383 0.02135178185609603 0.02135178185490201 0.01 0.11560940742492676
9 0.0004575147376579223 0.000457514737596892 0.00028426653587211955 0.00028426653587223843 0.0012712785958768837 0.0012712785958774154 0.021351781855142384 0.02135178185371319 0.01 0.17746281623840332
10 0.00045751473758258286 0.00045751473754609745 0.0002842665358735495 0.00028426653586978407 0.0012712785958832785 0.0012712785958664391 0.021351781853377765 0.021351781852524378 0.009000000000000001 0.11911749839782715
11 0.000457514737523476 0.0004575147375003823 0.00028426653588655397 0.00028426653586757447 0.0012712785959414362 0.0012712785958565573 0.02135178185199018 0.02135178185145444 0.009000000000000001 0.10749411582946777
12 0.00045751473748615234 0.00045751473745466733 0.0002842665358804034 0.00028426653586536486 0.00127127859591393 0.0012712785958466759 0.021351781851117798 0.021351781850384513 0.009000000000000001 0.1011190414428711
13 0.00045751473745624696 0.0004575147374089518 0.00028426653586485046 0.00028426653586315716 0.0012712785958443754 0.0012712785958368027 0.02135178185042164 0.02135178184931457 0.009000000000000001 0.1041707992553711
14 0.00045751473740511224 0.000457514737363237 0.00028426653585718174 0.0002842665358609473 0.0012712785958100797 0.0012712785958269197 0.02135178184922625 0.021351781848244638 0.009000000000000001 0.10253691673278809
15 0.00045751473735693496 0.0004575147373175218 0.00028426653586395697 0.0002842665358587389 0.0012712785958403795 0.0012712785958170435 0.021351781848096267 0.021351781847174702 0.009000000000000001 0.10243344306945801
16 0.0004575147373170398 0.0004575147372718067 0.0002842665358597617 0.00028426653585653 0.0012712785958216176 0.0012712785958071651 0.021351781847163145 0.021351781846104773 0.009000000000000001 0.1116797924041748
17 0.0004575147372514265 0.0004575147372260915 0.00028426653586016476 0.0002842665358543215 0.0012712785958234202 0.0012712785957972883 0.021351781845626555 0.021351781845034834 0.009000000000000001 0.10344982147216797
18 0.00045751473720372136 0.0004575147371803761 0.00028426653587126834 0.00028426653585211293 0.0012712785958730768 0.0012712785957874112 0.021351781844506472 0.021351781843964895 0.009000000000000001 0.10833859443664551
19 0.0004575147371724974 0.00045751473713466105 0.0002842665358657124 0.0002842665358499036 0.00127127859584823 0.0012712785957775309 0.021351781843776778 0.021351781842894962 0.009000000000000001 0.0961005687713623
20 0.00045751473712185196 0.00045751473708834165 0.0002842665358575487 0.00028426653584769464 0.0012712785958117207 0.001271278595767652 0.021351781842592975 0.021351781841810878 0.008100000000000001 0.09815144538879395
21 0.00045751473708584083 0.00045751473704719813 0.0002842665358472224 0.000284266535845707 0.0012712785957655402 0.0012712785957587629 0.02135178184175244 0.021351781840847937 0.008100000000000001 0.09723973274230957
22 0.00045751473703838997 0.00045751473700605445 0.0002842665358556186 0.0002842665358437196 0.001271278595803089 0.001271278595749875 0.021351781840639034 0.021351781839884995 0.008100000000000001 0.0951833724975586
23 0.0004575147369864863 0.0004575147369649108 0.00028426653584157573 0.0002842665358417287 0.0012712785957402874 0.0012712785957409718 0.021351781839427333 0.021351781838922057 0.008100000000000001 0.09762287139892578
24 0.00045751473695257347 0.00045751473692376735 0.0002842665358421605 0.00028426653583974294 0.0012712785957429027 0.001271278595732091 0.02135178183863303 0.021351781837959116 0.008100000000000001 0.09866762161254883
25 0.0004575147369088769 0.0004575147368826236 0.00028426653585157934 0.000284266535837755 0.001271278595785025 0.0012712785957232006 0.021351781837607275 0.021351781836996174 0.008100000000000001 0.09872674942016602
26 0.00045751473686713167 0.0004575147368414799 0.00028426653585072054 0.00028426653583576636 0.0012712785957811844 0.0012712785957143071 0.02135178183662994 0.02135178183603323 0.008100000000000001 0.10341715812683105
27 0.00045751473681784877 0.00045751473680033636 0.00028426653584276483 0.00028426653583377945 0.0012712785957456052 0.0012712785957054214 0.021351781835477993 0.02135178183507029 0.008100000000000001 0.09648728370666504
28 0.00045751473680151895 0.00045751473675919273 0.0002842665358336837 0.0002842665358317905 0.0012712785957049934 0.0012712785956965264 0.02135178183509801 0.02135178183410735 0.008100000000000001 0.09704184532165527
29 0.0004575147367431644 0.0004575147367180491 0.0002842665358354771 0.00028426653582980385 0.0012712785957130137 0.001271278595687642 0.021351781833731025 0.021351781833144408 0.008100000000000001 0.09593462944030762
30 0.00045751473671817205 0.0004575147366769054 0.00028426653582946693 0.0002842665358278162 0.0012712785956861352 0.0012712785956787529 0.021351781833147374 0.02135178183218147 0.007290000000000001 0.09517478942871094
31 0.000457514736656777 0.0004575147366398763 0.0002842665358324477 0.0002842665358260255 0.001271278595699466 0.0012712785956707448 0.02135178183170888 0.02135178183131482 0.007290000000000001 0.10135722160339355
