1 0.0017171682973753377 0.001189428827251504
2 0.0013873656829360924 0.0011602245204812788
3 0.001364793335358172 0.0011162916680405033
4 0.001274556105852298 0.0010022424918133765
5 0.0011440866855068066 0.0008986057184756646
6 0.0011106306503137376 0.0008897185849832568
7 0.0011176581891220393 0.0008908060897965698
8 0.0011062611250565624 0.0009128035382218513
9 0.0010924053119850895 0.0008854738288050612
10 0.0010943907961944888 0.0009031043270397276
11 0.001096244521141898 0.0009721284377519623
12 0.001091350887239173 0.0008753662080152935
