1 2.571582061256282 2.4841609224559447
2 2.028201128216068 2.438307360040122
3 1.9736417647883493 2.307489264559393
4 1.9503975895060421 2.3146687702226796
5 1.9401150198819508 2.2832648867966707
6 1.915082452714149 2.2526658502475994
7 1.886948889207585 2.138247144347743
8 1.8680487371383627 2.1083178953875445
9 1.8457036669087155 2.0791554024541066
10 1.8112713846862807 2.092371666788271
11 1.7899571640436096 2.0645466588859103
12 1.7691481205837458 2.037767713379703
13 1.7405613112586649 2.0121726971276495
14 1.7168098694413507 1.9879612404333526
15 1.7022362210149142 1.965296493454003
16 1.675859892396526 1.9443021582797366
17 1.6671940405810204 1.9249066611281351
18 1.6468214023071097 1.865095843154643
19 1.6399571636710562 1.8066001973492338
20 1.625530727536687 1.7912573694427938
21 1.5950776550218364 1.776929552574691
22 1.577917881637493 1.7634537506569177
23 1.5614161087632865 1.7507070826543005
24 1.5538578932764204 1.7385411078330915
25 1.534156683663421 1.7268920106195698
26 1.540073283318087 1.71568792433625
27 1.5211180750635256 1.7469167110069017
28 1.5234315801684892 1.7364236833704145
29 1.5007206629593122 1.7262299323758405
30 1.4907998127968687 1.716212640204712
31 1.4810115038996905 1.7063192500497557
32 1.475533678722862 1.6965081833337285
33 1.4658429734544387 1.6867545557683823
34 1.4561583955637178 1.634940148859628
35 1.4464733028036396 1.5833141963899529
36 1.4451735689796164 1.5738986653006195
37 1.443901061956256 1.48051518386573
38 1.4174166671437407 1.471630218267735
39 1.4077914017565842 1.5050586781775774
40 1.3940325018406943 1.496836006889659
41 1.3845571696551664 1.4888908919192065
42 1.3836418343029768 1.4814029744750281
43 1.3828835320834707 1.432255566409348
44 1.3823288230185986 1.4256000841744734
45 1.3777853541189413 1.3773416195466723
46 1.369240221428979 1.371613629963004
47 1.3694384028723365 1.3663575323180932
48 1.353078001646423 1.3615423652294436
49 1.332792844205874 1.3991383298287952
50 1.3295967369159734 1.3951111046585107
51 1.3098475163236727 1.3913663788076098
52 1.3071067792850326 1.3879718084062302
53 1.3003548447401385 1.3848428276798834
54 1.3063945234364978 1.3819466226361692
55 1.2957537811697264 1.3792562582537433
56 1.2894403608221878 1.3346617238027485
57 1.2832430152937304 1.3323180842076086
58 1.2771359675068679 1.3301230136123732
59 1.2711335930938243 1.328062108799472
60 1.2694171358696185 1.3261223013735817
61 1.2635790576099075 1.3242947778968435
62 1.2620036632408829 1.3225649933676284
63 1.2646966174367422 1.3209252821016861
64 1.259033611831623 1.3193672231006388
65 1.2534219690421842 1.31788329461663
66 1.2520606213833916 1.3164699556335415
67 1.2507544961257495 1.3151157648937384
68 1.2494924120351574 1.3138180072601933
69 1.2524733612255905 1.3125739450288298
70 1.247098235949923 1.3113715330783375
71 1.2417540242202874 1.26798169303857
72 1.2364492070619506 1.266856528703785
73 1.2353891322042327 1.2236947608078634
74 1.2343648471193462 1.222640935196051
75 1.2333752371432063 1.2216188774261574
76 1.2324189634957154 1.2626935304214835
77 1.231428930407623 1.2617384217873118
78 1.2263361300903028 1.2608034188229296
79 1.2254742483121932 1.259893923208093
80 1.2372193401567393 1.2590121753044476
81 1.2279621595357006 1.2581519622116741
82 1.2313906227090077 1.2573164087634436
83 1.239017082545269 1.256520778318426
84 1.2382879909231008 1.255729764821498
85 1.237580392410268 1.2549618212459608
86 1.2326840119497533 1.254194958511936
87 1.2486808942956604 1.2534695387756647
88 1.2480386418069616 1.2527653987569685
89 1.2474161989563757 1.2520826584892348
90 1.2468124060119061 1.2514211505330413
91 1.24622623573436 1.2507807259548358
92 1.2456569650835283 1.2501611095696294
93 1.245103654114113 1.249561868985061
94 1.240355562226075 1.2489318434586503
95 1.2440419949552681 1.2063790394585139
96 1.2393233914127646 1.2058360060338715
97 1.2388263128575208 1.2053111138388417
98 1.234130594299898 1.2048023556145888
99 1.2378594428566285 1.2043120792160105
100 1.2373984350716132 1.203839793059068
101 1.2369483657006763 1.2033838106542336
102 1.2365101295434624 1.2029384349159111
103 1.236082736243261 1.2025126488468805
104 1.2356624057545988 1.2021041870743379
105 1.2352512154947526 1.2017109369713275
106 1.23484857102671 1.2013323364881063
107 1.2302555328884506 1.2009698544322562
108 1.2298697836747343 1.2006213761244802
109 1.237908804776294 1.2002828337428602
110 1.2417487829106026 1.2420562834847768
111 1.2413863560970333 1.2417483668635894
112 1.2368227716644147 1.2414539443175798
113 1.2406837321612985 1.2411694887478983
114 1.240343237711509 1.2408986741174504
115 1.2400094694787833 1.2406390047633382
116 1.235484709101251 1.2403887627673287
117 1.2267283613649074 1.2401521793533559
118 1.2264119744136268 1.239926095710528
119 1.2303121772538625 1.239706143338944
120 1.2300085416864603 1.2394922617342519
121 1.2297099930864734 1.239283874212078
122 1.2294163175182 1.2390818698035162
123 1.229127136943482 1.2388852155427938
124 1.2288420977625922 1.2386942301356039
125 1.2285610344120375 1.2385079221932316
126 1.2282836583409655 1.2383251684230114
127 1.223800850829943 1.2381466689100489
128 1.2277403224930044 1.23797164253094
129 1.231682184635 1.2378003720996755
130 1.2314179818004516 1.2376326855719335
131 1.2353615433669796 1.2374678763482523
132 1.2351026701954388 1.2373051192166626
133 1.2390565167851746 1.2371454078428399
134 1.2388030636782856 1.2369872374086346
135 1.2385523856512124 1.236830316690826
136 1.2383110136708955 1.2366754201246966
137 1.2338602929535247 1.2365273633876228
138 1.2336158170421534 1.2363764980899807
139 1.2249599147871577 1.2783031732314512
140 1.220513944861957 1.2781552990382585
141 1.2202776904374018 1.2780074332977989
142 1.2242489879380078 1.277862228081243
143 1.2240167361095817 1.2777148179593496
144 1.2237865684685223 1.2775680794880577
145 1.2235583419688536 1.2774205037896325
146 1.2233321619511852 1.277273753907556
147 1.2188990201302927 1.2771260643893805
148 1.2228806757183843 1.2769800075633746
149 1.2142273260511114 1.2768131890201844
150 1.2140111339989144 1.2766629485897474
151 1.218003015988494 1.2765192739770894
152 1.2177899172739861 1.276376523657604
153 1.2175788172426338 1.2762356738508434
154 1.2173694789705087 1.2760960314784346
155 1.2171619426870817 1.2759571732199555
156 1.2169562412315464 1.2758191687215463
157 1.2167523438818508 1.27568151010568
158 1.2207560699931468 1.2755440230814643
159 1.2205558585178988 1.2754074079146314
160 1.2203572157936318 1.2752704004837985
161 1.2201601723812545 1.2751329664976678
162 1.2199647099641886 1.2749957697820165
163 1.2197709544771842 1.2748575247973695
164 1.2195787308392678 1.274718942993296
165 1.2193883090204265 1.2745791508816182
166 1.2191993844956404 1.2744394201466716
167 1.2190121489712527 1.2742987065177753
168 1.218826647469198 1.2741573375715922
169 1.218641530818257 1.2740156853853382
170 1.2226681378473356 1.2738733252134222
171 1.2224879968762152 1.2737304673658831
172 1.222309413290742 1.2735870885383338
173 1.2221324369203006 1.2734427524089666
174 1.221957019515115 1.2732985495604379
175 1.2259921212558709 1.2731549861782083
176 1.2258207079528978 1.2730103542974316
177 1.2214398381703313 1.2728644575065884
178 1.2212715532876257 1.2727189615714414
179 1.22110489641864 1.2725725059502906
180 1.2251466939504332 1.2724261553679888
181 1.2374701002569453 1.2722565658090292
182 1.2373052623942862 1.2720922041862075
183 1.241336259820131 1.2719399779155165
184 1.2369674330234994 1.2717861836065392
185 1.2368075633038473 1.2716341111008813
186 1.2366495864001519 1.2714829985361153
187 1.2364934947535788 1.2713331463118083
188 1.2363391969074053 1.2711843172370112
189 1.2361865069593279 1.271036207659268
190 1.236035531437098 1.2708896977898028
191 1.2358861582607497 1.270744138223266
192 1.2357384378531286 1.2705999338012923
193 1.2355923573766148 1.270456608524791
194 1.2354477245858748 1.270314625951731
195 1.2395142566043222 1.2701749626056928
196 1.2351655017109342 1.27003433690725
197 1.2392348605491172 1.2698945416071403
198 1.2433052705453562 1.2697564682911002
199 1.2431678402294577 1.26962139447477
