1 36.28437828249298 0.2094315867871046
2 11.405383112840354 0.17727496102452278
3 2.8994120289571583 0.230767659842968
4 1.009394099470228 0.3070002347230911
5 0.6187293436378241 0.36033937335014343
6 0.5296373954042792 0.39135225117206573
7 0.5058548785746098 0.40783774852752686
8 0.4965712334960699 0.41574452817440033
9 0.4902892969548702 0.41944411396980286
10 0.4845275394618511 0.421516478061676
11 0.47873999178409576 0.4228411912918091
12 0.47290544025599957 0.4238160699605942
13 0.46701259166002274 0.4246971905231476
14 0.4611024986952543 0.4253435879945755
15 0.4551977850496769 0.4256458133459091
16 0.4492901749908924 0.4255763739347458
17 0.44338677264750004 0.42504170536994934
18 0.43748521991074085 0.4240020513534546
19 0.4315757695585489 0.4224681407213211
20 0.42565673403441906 0.42044755816459656
