1 0.4956112350077693 0.4659115156213949
2 0.3489594861388017 0.47438234018682696
3 0.3251513651821488 0.42973412672357975
4 0.3279614615054107 0.4411909528623188
5 0.3422695285709817 0.43849686725129444
6 0.3213192610585301 0.41844803445304646
7 0.3064809636564636 0.43847075568126076
8 0.3154497666506045 0.4585127957633353
9 0.3054487503234808 0.4336373665105355
10 0.3099807061860273 0.46111000028781984
11 0.32843452842613546 0.4292102681161027
12 0.30412154461580365 0.5008085444725829
13 0.307972693178432 0.39643082873136
14 0.31680222344091147 0.41015164634905216
15 0.32267590662425016 0.45011124866426383
16 0.3130278274599715 0.4226371429947597
17 0.32139042409367236 0.41610642740582604
18 0.3108150675886749 0.4027184973929482
19 0.33095270411061556 0.4608570105779769
20 0.32398971043870667 0.41228557451836473
21 0.3215816128214984 0.3966950605541627
22 0.3081781006006441 0.4111657409482072
23 0.31768228573276047 0.44438972895729084
24 0.3308727082928488 0.40713052855273035
25 0.33000041247242573 0.47371248955571854
26 0.3252786439499166 0.5013831715321315
27 0.3153594874003416 0.43603201748120085
28 0.30872077542745835 0.4351903379514605
29 0.3254571670035925 0.4494131189628847
30 0.30817217557036125 0.38048704446526244
31 0.3166289312401174 0.43706832172882154
32 0.3241035766905261 0.39006268534040395
33 0.3177985896243613 0.4355454601022709
34 0.31461647115379576 0.4654739905952623
35 0.31896281864490483 0.38199327511431064
36 0.3074607321570984 0.40489369734879704
37 0.31045319855861664 0.38179758629406263
38 0.31765612105137114 0.41873460743190277
39 0.32485729765736077 0.3832012539530651
40 0.30754917552257127 0.4249131104184658
41 0.30997143497035645 0.47631455791630095
42 0.3250234792789951 0.4212709141882308
43 0.3090094331219742 0.377827563649166
44 0.3173193963427048 0.40792729873455275
45 0.3199240680410941 0.41248903449606394
46 0.31393849295699977 0.40712440105228637
47 0.2985338417583227 0.3925312329308546
48 0.2936137526498481 0.4297793475116946
49 0.315605333666097 0.4193102773606753
50 0.30064789882324344 0.5160951570721686
51 0.31784228925611197 0.4270201269562025
52 0.31497988919241204 0.42741340744076295
53 0.31880916913825785 0.4687075156078208
54 0.3176750507902666 0.39638621445941297
55 0.32182073200669786 0.4220785807664996
56 0.31539448297603473 0.5083900306780675
57 0.3292182180207341 0.4775071344709661
58 0.3061562782204599 0.5902485028459494
59 0.34368188134081185 0.42324254441372194
60 0.32880541214167747 0.4401132515127967
61 0.32617598385563484 0.4874256018195669
62 0.3216597358003434 0.4686530799910236
63 0.3164957195024648 0.4638114185613813
64 0.3326880363944135 0.4098195021261314
65 0.31827332231903865 0.40455290943947864
66 0.3152944392149094 0.44569836345329683
67 0.3380134978783462 0.5088679554716586
68 0.32061321768639334 0.4307831903211282
69 0.32403688865827546 0.4743255221946655
70 0.32528994581425075 0.46984968056216053
71 0.30957084764849196 0.43620163819334457
72 0.33326755811968256 0.481540092790965
73 0.3079535013130892 0.4544561580864492
74 0.3134659035845352 0.4241857854292826
75 0.3161919948322623 0.40820295574118254
76 0.33148332969442346 0.41684195181832795
77 0.31643789357634794 0.40640720095990934
78 0.32371274255761934 0.44176376484236435
79 0.32453899627407984 0.4058046651426948
80 0.3288264335898428 0.4677872178378196
81 0.3223339227596742 0.4594790779416891
82 0.31118576723816926 0.38287510562914817
83 0.3102001999726817 0.4955839787805943
84 0.3151653733726334 0.49027286322101166
85 0.32374663383362773 0.41473318353742605
86 0.3047137985463556 0.4775408816031229
87 0.3108584184622435 0.4296202459970587
88 0.2987724176871251 0.35022132897921104
89 0.30628498522823794 0.4285610989878861
90 0.3193606289108935 0.4064463115662741
91 0.32501144820224265 0.4550656629358663
92 0.3224395739756284 0.4328669507583407
93 0.3388322564537264 0.4673653401151961
94 0.3063807409686078 0.41661939691029193
95 0.3198413704279466 0.41949652778909935
96 0.3058733763789021 0.5035760253977863
97 0.31531272100703867 0.44027806781998247
98 0.308279954010044 0.41199612307239714
99 0.32731656263888537 0.38779153715273806
100 0.3186223430275051 0.4563351374582118
101 0.3025439382649182 0.42875076238641907
102 0.32027531121930647 0.38158555490991075
103 0.3222470413956057 0.3863894418374586
104 0.31890521792059773 0.4151477986902587
105 0.3113807946136551 0.4379644954583522
106 0.33480746403342826 0.38466924416771353
107 0.3346337709201003 0.4232887650527501
108 0.326433105084002 0.43504699900433863
109 0.33577306923660905 0.4347750248470172
110 0.3186414844841642 0.4187080702451548
111 0.31118303356910015 0.4287291517451798
112 0.32177968530265166 0.4090751702556889
113 0.31111830454895456 0.44570910121363244
114 0.3275427736290537 0.4024381117195528
115 0.3081110459449534 0.46351563562835124
116 0.32651333004611965 0.48623000996168947
117 0.30672875935197874 0.4383428611749734
118 0.3171675425626588 0.49031739369482047
119 0.3221766118904887 0.4981726911355202
120 0.32097358699541423 0.3669826143333615
121 0.3150437896334743 0.46519662151395
122 0.3131615159444566 0.4449013729728636
123 0.31996609624634087 0.3668037308787921
124 0.31409546874958666 0.42800101269263235
125 0.3080938264671403 0.41886443824850417
126 0.32848094349681617 0.41841594571995205
127 0.30752386577246255 0.4293946582038495
128 0.32371622480978074 0.4259010998783388
129 0.3233043852881563 0.43699471831726105
130 0.3117365721748375 0.37714681047487447
131 0.3263152398821721 0.44332310000900177
132 0.324276477943371 0.3417819530271778
133 0.3058617332378053 0.46817852772508844
134 0.3316320014301313 0.3836077358409162
135 0.32664407649318844 0.41368589729568495
136 0.3100624588327505 0.41066021300141553
137 0.3283719449660497 0.39399315563091813
138 0.33178101795048365 0.4313310246723459
139 0.32346607177598613 0.4278623750702919
140 0.315860784572589 0.43930422148992015
141 0.3324119646842955 0.3864378211289448
142 0.3266328251827491 0.42988602132890313
143 0.320835002501319 0.45158472913801423
144 0.3290466772554355 0.3935136342065188
145 0.3194145009039463 0.41714666729940003
146 0.3030589383606256 0.3743527483469868
147 0.3377525355653067 0.40420148319613775
148 0.31303351163961174 0.42696875173206394
149 0.3238780846938837 0.391307921792307
150 0.34053418992361356 0.458375968763231
151 0.33051508260374557 0.4304323223816525
152 0.3099445523730407 0.39267334379533025
153 0.33753914180314887 0.49461622506857994
154 0.3168325214420873 0.43390602405379086
155 0.30918177775997746 0.48991308911409426
156 0.3308447870831718 0.43077244793885927
157 0.31489827987045055 0.4262716836300158
158 0.29860295351477656 0.3805033452108986
159 0.332449985028855 0.4031355999052635
160 0.31798871780687477 0.3966339519965818
161 0.3319317115563949 0.4418424921833273
162 0.31654111242769317 0.472223520341121
163 0.3326821896393376 0.4447272164905199
164 0.32803401485028316 0.42839771859883946
165 0.3431649516202627 0.4600483368305293
166 0.3378234998243355 0.41293847834182856
167 0.31508495664613984 0.3924629526113552
168 0.32162607952399946 0.4998400602406381
169 0.31731224590385493 0.43394688476587795
170 0.34389175575753705 0.37316023111049285
171 0.33400515208488496 0.38969432119889746
172 0.336651360005138 0.4294972829811128
173 0.3295216208938502 0.5231899737644524
174 0.3332273176185217 0.4173852273712768
175 0.3326281760185122 0.37169522088547974
176 0.3360364720305837 0.376730541695326
177 0.3198178887248459 0.40520905389487255
178 0.3333183790955089 0.4281127660832135
179 0.33228607031973356 0.35966850848770454
180 0.32023224090846597 0.44496561728808476
181 0.3253387290452148 0.3746823572058623
182 0.3020921622812733 0.4475890911725889
183 0.3224206414613697 0.4403431597839747
184 0.30590250899013754 0.40074938693763934
185 0.3103054272044882 0.4909782179944695
186 0.31035786078255667 0.3771647279507995
187 0.32703688092443767 0.4875369257106764
188 0.32632308602321963 0.39965663069442503
189 0.31710180515295894 0.4428469044236025
190 0.3291241886533726 0.3838495591071765
191 0.33728414704288184 0.3867998585092688
192 0.34557234022934424 0.4858523657212132
193 0.35346485144740253 0.39426177447024535
194 0.3245269392556059 0.33962553524534755
195 0.31837638504463583 0.4381798929882873
196 0.33968367995403814 0.38745623148824576
197 0.3360146379521558 0.44683515430477105
198 0.3214588047928218 0.3903300943304662
199 0.34909035576452957 0.4364933626259996
200 0.3350703037945549 0.4312308089088918
201 0.3310329106095336 0.4101832459889671
202 0.3253204373825988 0.42136538955481034
203 0.3240086386465842 0.4555397670737492
204 0.32472193942149324 0.42256966361604437
205 0.34484441188742304 0.5055330804884924
206 0.3244523454364774 0.43181997652496457
207 0.31812861084570115 0.4401374737856493
208 0.31418397330401515 0.4055701514122714
209 0.3124120614341315 0.4023714735447184
210 0.3190160670983291 0.383460234760944
211 0.3303535736892625 0.4194970772009171
212 0.3334058114513816 0.4331894642451631
213 0.34296951904829925 0.4137551412246141
214 0.31173978417876824 0.4516909037045154
215 0.3260140651758993 0.4333381494340536
216 0.3359544257581759 0.46512732199819046
217 0.3431299036297117 0.4735185162799347
218 0.3264623896181164 0.42509016167838126
219 0.34827962286944353 0.4195999637084376
220 0.32160467283356564 0.4113739330062986
221 0.32095437246396 0.4227553140688197
222 0.29833292529122224 0.4989232979342341
223 0.3217680549290323 0.42708750926668904
224 0.3169717417418766 0.4292945485802269
225 0.3399688086273902 0.37524879849627674
226 0.3199708423212149 0.40873022822546773
227 0.3270704389474765 0.42710151012558
228 0.3133571717129809 0.45476792782594105
229 0.3249144422110323 0.4121049807603643
230 0.32471898758938916 0.4138338184020923
231 0.3234592224777734 0.3653941044659893
232 0.3102894101084982 0.40838776657290415
233 0.3153787716361143 0.4512376260114098
234 0.3149538074472362 0.4730624960500159
235 0.31994861215872633 0.4773031021327264
236 0.3276712212975847 0.47707520742079634
237 0.3259478094630984 0.489453815402169
238 0.3279742809852691 0.46905731952920754
239 0.3129196553124378 0.48164232638002813
240 0.3155631575659802 0.40020487476654937
241 0.32172474956399255 0.42132457387662725
242 0.33323162719107075 0.44870398211930146
243 0.31003889354729053 0.436789945126021
244 0.31469395090292146 0.37688811480634427
245 0.32238685339876977 0.4311040487346288
246 0.3153833612772923 0.4893166643885994
247 0.3257393071212152 0.4543545466261965
248 0.3271017456333839 0.4129631522010191
249 0.3145774573420439 0.4646237951145189
250 0.33315809392911 0.4133783655659614
251 0.3206912080804962 0.43488395509849254
252 0.3321289234108944 0.4564078028798471
253 0.3291109957212106 0.3632122135622807
254 0.33713134644997894 0.34609503989622586
255 0.31044657840002304 0.4275664134175933
256 0.33895360138815045 0.45642238760183224
257 0.3200183035675452 0.4624890398087691
258 0.32588337917704946 0.42045554828505327
259 0.33681446395276343 0.42513483873525587
260 0.32877244031312186 0.4639559992900927
261 0.3270811781676166 0.4531476806838212
262 0.3305660175876983 0.4300739530766824
263 0.3587004136178584 0.4451496606364258
264 0.3282708183896642 0.4465096913756018
265 0.32506353346502914 0.45023143548077266
266 0.33128822693146887 0.38023542374832014
267 0.3289191962569182 0.4175607524300607
268 0.33540842413746347 0.45120921784546225
269 0.34784900777785976 0.45484102844372454
270 0.31297165617259454 0.44013633492068804
271 0.3258017044715303 0.46588090376435215
272 0.34547757602728 0.4069686882648813
273 0.3515300347145473 0.38610211142011014
274 0.3235918141932718 0.384255460336112
275 0.3290244401791018 0.39766462565577393
276 0.3157620820059842 0.3958377235343582
277 0.3410186794610222 0.40795534775399384
278 0.32250065282136997 0.4033062010601555
279 0.32712489557794855 0.44848236211085396
280 0.33789009729875435 0.39122096652612337
281 0.3430679546253125 0.428345796488299
282 0.31646163181726433 0.3769539602434165
283 0.33522649074922695 0.44717928578072275
284 0.31571986518919276 0.4813535427191834
285 0.33363288854309175 0.47156841956863277
286 0.3630113691251243 0.37166664615297984
287 0.3351708540794827 0.3976319242053126
288 0.32753665258677633 0.46490493685374723
289 0.3292191070702967 0.3914029450579791
290 0.3558175213560772 0.38287528014233285
291 0.3453823928306079 0.41550449331284894
292 0.3429817658481954 0.4667478638093024
293 0.3870784181394495 0.4410193203327148
294 0.33658506311916003 0.486924806203154
295 0.3250888843069714 0.42285680244734974
296 0.330866462486829 0.47898965390466497
297 0.3460266378547638 0.5021836645827065
298 0.34710548219037907 0.510797999591971
299 0.33305828628764644 0.506199717263103
300 0.3472156562296035 0.4572765397550048
301 0.3172113310122728 0.563231379081446
302 0.3504877662412848 0.47284723595581263
303 0.3341868122668131 0.4628123300226626
304 0.32960388596653234 0.5351884482733562
305 0.3628940720611296 0.49270890775565546
306 0.33827164774171403 0.44152394501320824
307 0.3658358941687674 0.43988127398917354
308 0.35527582280730713 0.453805282948122
309 0.33323066155914227 0.47490215116082446
310 0.3434659158025193 0.5024738119741118
311 0.33685946291055924 0.5463596070631358
312 0.33695207708461306 0.4275921483100147
313 0.33156272580696416 0.4580676495514222
314 0.34468826735120783 0.46710371338455986
315 0.3396255777289924 0.5153525465191342
316 0.3448528078330652 0.4185580932533393
317 0.33208672963357283 0.4058403000515567
318 0.34360940236705556 0.43760260547567953
319 0.34324037612713704 0.5150232152552588
320 0.3465034012453572 0.41866648758945396
321 0.3069405849080565 0.5341385699546357
322 0.3518196685546465 0.43977262728332883
323 0.3392291700142186 0.49110003048425394
324 0.3501231541701908 0.45599445034229
325 0.34889762715125777 0.5083536437986492
326 0.3501777033624653 0.45783065574929904
327 0.33414852839053877 0.47292032572330517
328 0.32684508444920796 0.4623809696724148
329 0.3160918324195227 0.5205506616647012
330 0.34200040899845696 0.5083729931014884
331 0.3548515856302976 0.4611545184877468
332 0.35240390456611703 0.5049626937495103
333 0.34000170794206114 0.4851187854383974
334 0.3442001324880678 0.5139082272749051
335 0.34870113773647415 0.5291381937815611
336 0.3536679285055273 0.526190357045485
337 0.3475341315505931 0.48962372359642026
338 0.3410317142804231 0.47335710361992056
339 0.33083500133077065 0.5011355355026286
340 0.3344479355238528 0.5045482212144539
341 0.35766749860077335 0.48168691828369015
342 0.3429612466541998 0.41326997028774043
343 0.34726689612300987 0.44884279560346746
344 0.3551037980878877 0.4806436874915074
345 0.33306978581786095 0.5094413784556366
346 0.34105024054449734 0.5293717684962567
347 0.33793098437303054 0.4274033312128832
348 0.3555423110018133 0.404419078859133
349 0.3476458738306357 0.455149899014137
350 0.35641091532817154 0.4423027690049065
351 0.34770279681529637 0.44398195622470477
352 0.346880918931005 0.4644055198414839
353 0.34022683509728274 0.44104939135696775
354 0.3630892908019519 0.5361608330889507
355 0.3640917508107687 0.3767041305173801
356 0.3593163673839391 0.44205221895606406
357 0.35635913709324735 0.4048722700754144
358 0.37103951231216 0.5061373701818765
359 0.350753319604068 0.3774320343034158
360 0.33341824657512875 0.4285545814738266
361 0.34957196261976153 0.4067279999595944
362 0.37235209556929094 0.4515260652469557
363 0.3638009752193642 0.3893205684218188
364 0.3606067123244981 0.393513308525159
365 0.351893800830706 0.4126507750886345
366 0.31410526424956775 0.3923421789469859
367 0.3532533939221623 0.42387910969396075
368 0.363274046901494 0.3998207247985135
369 0.335138255026713 0.39656792550151676
370 0.35226045147719026 0.4249413785631278
371 0.3438077439541521 0.4742994246562471
372 0.3341917104432038 0.4370590313474378
373 0.35791638633626605 0.5311072496229194
374 0.34802996897524546 0.3714815225617004
375 0.36446113702017807 0.4534412314463407
376 0.3593835683409814 0.4776866480453234
377 0.35036463335510437 0.43096472306226036
378 0.3576796240872339 0.40009816098995016
379 0.33435966251823995 0.4197922030934378
380 0.34616607587054327 0.4709651817622791
381 0.3608859367886555 0.416740137484954
382 0.3693602937616241 0.34968822044277514
383 0.3611993160753673 0.3855092882546351
384 0.36090549431374225 0.34769605927806546
385 0.36246515197952056 0.3957368944232401
386 0.34440546193558763 0.39634127030002053
387 0.3254673137723462 0.4418790126938716
388 0.35513691389445895 0.41363790372901255
389 0.36476448425777885 0.4930517714901974
390 0.3527306230415247 0.4607770938107646
391 0.35308811790877753 0.43537529924578083
392 0.36651474511397064 0.36080181363406344
393 0.35230116519150145 0.4334513602794859
394 0.3638663534862518 0.3722916931536441
395 0.35057603980368235 0.45372016825174033
396 0.3701763918025754 0.4069890916455341
397 0.3720138381483504 0.49066874600456734
398 0.3694265651659325 0.4321023620181031
399 0.35230282004618874 0.4514296575058497
400 0.3780999575618258 0.3626173200948458
401 0.3516390992456451 0.4132163868666823
402 0.3640950373149987 0.4367702489365873
403 0.38379170492873527 0.42322150727341834
404 0.3596706592887931 0.4149728124772848
405 0.35983283167635627 0.43980532690214824
406 0.3498586651010103 0.4510035047231634
